FOV 1.103602897697649 1.3864224108065624
1.2813755619542244 
[[638.41549089   0.         792.69419345]
 [  0.         640.38590073 494.56461536]
 [  0.           0.           1.        ]] [[ 0.06204094  0.02412102 -0.01296663  0.01728045 -0.16101314]]

[[673.96982731   0.         754.65450258]
 [  0.         692.39855278 536.48800967]
 [  0.           0.           1.        ]] [[-0.07846513  0.33422075  0.02826901 -0.00646561 -0.27741083]]

FOV 1.166958973478614 1.7554577107427458
h w 877 1599
2.0534835451376434 
[[664.24008421   0.         759.62455227]
 [  0.         663.98969186 480.83965589]
 [  0.           0.           1.        ]] [[-0.01250316  0.5200202  -0.00651706  0.00315458 -0.82725577]] [array([[-0.79430095],